-------------------------------------------------------------------------------------------------------------------
| User CPU time (usec) | System CPU time (usec) | Page faults (w/o I/O) | Page faults (w/ I/O) | Context switches |
-------------------------------------------------------------------------------------------------------------------
|                 3094 |                      0 |                   622 |                    0 |                0 |
|                 9150 |                      0 |                  1142 |                    0 |                1 |
|                10605 |                   5302 |                  1658 |                    0 |                2 |
|                18529 |                   5302 |                  2174 |                    0 |                3 |
|                26584 |                   5302 |                  2690 |                    0 |                4 |
|                32632 |                   5302 |                  3206 |                    0 |                5 |
|                43427 |                   5302 |                  3722 |                    0 |                7 |
|                54001 |                   5302 |                  4238 |                    0 |                9 |
|                62934 |                   5302 |                  4754 |                    0 |               10 |
|                95871 |                  10652 |                  5270 |                    0 |               12 |
-------------------------------------------------------------------------------------------------------------------
